+12134363461
+12142035428
+12143427134
+12174228571
+12235000794
+12248581487
+12256597243
+12286416139
+12312832539
+12349019899
+12393689032
+12394789001
+12398001287
+12488590488
+12515314354
+12515314638
+12517999246
+12528060213
+12565263871
+12568939548
+12693710690
+12694893038
+12702828799
+12709351371
+12819738587
+13013218195
+13026431643
+13035157478
+13057262067
+13072049453
+13107588829
+13107590595
+13148845521
+13213591533
+13234330494
+13304354852
+13304762360
+13342034658
+13365719425
+13478598706
+13522360007
+13526783140
+13609535074
+13617493251
+13645005379
+13654483481
+13862004689
+13862134409
+14035563514
+14039802514
+14072424363
+14133086076
+14136001350
+14136013343
+14148559859
+14235606706
+14342608022
+14344125377
+14348187355
+14352719942
+14409068559
+14409777882
+14633569418
+14723003099
+14782898591
+14783679644
+14799258968
+14848342854
+15023909335
+15024699531
+15028754868
+15029777172
+15032506592
+15052736422
+15099948326
+15125099582
+15125885630
+15174012910
+15199264474
+15205187438
+15207729695
+15518157451
+15625488049
+15702178287
+15702833439
+15705155760
+15742034282
+15804643351
+15805969153
+15866000301
+16032120660
+16073662197
+16084920845
+16086084319
+16088931930
+16095089796
+16158592112
+16162292703
+16167961510
+16169773032
+16183458114
+16203836647
+16232461896
+16265538381
+16303666719
+16313503328
+16397305477
+16413567797
+16416565367
+16513635571
+16693090231
+16782081140
+16802879293
+16822048305
+16895298749
+17045504538
+17048027308
+17058778988
+17059715454
+17073244159
+17086962773
+17095644403
+17134099170
+17178761635
+17194099424
+17206400535
+17244789876
+17252425614
+17259006209
+17312603869
+17402140800
+17573015167
+17609790825
+17633143097
+17723159264
+17808764985
+17818222150
+17864166154
+18004046789
+18007001008
+18014388743
+18014577797
+18043766061
+18046669620
+18057167452
+18062980870
+18137917046
+18138156731
+18147533578
+18172028045
+18172426070
+18315802284
+18334208573
+18335774841
+18336430024
+18338946820
+18398882684
+18442845242
+18446315416
+18447573796
+18447574216
+18447812383
+18455054435
+18474162816
+18474348943
+18475983630
+18478681490
+18552611530
+18555317114
+18556438413
+18557990021
+18559076196
+18562488836
+18566579698
+18588676115
+18594527276
+18624153714
+18632504967
+18634008924
+18636928855
+18638873364
+18644008678
+18652700232
+18658323967
+18665549430
+18666732175
+18669030670
+18708636624
+18773721095
+18775782834
+18782251613
+18882690263
+18883100384
+18887716019
+18889188337
+19034129599
+19044383976
+19045790780
+19049409005
+19137234023
+19162747991
+19169606851
+19176884065
+19182011828
+19186586878
+19195882739
+19207780293
+19289639997
+19293407694
+19319032128
+19372242290
+19377660236
+19382448954
+19408412759
+19415521395
+19494847384
+19512799517
+19568728802
+19714459010
+19724336781
